1=C
bpm=130

;右手高音声部
0 0 6 7 | +1. 7/ +1 +3 | 7 0 0 3 | 6. 5/ 6 +1 |
;所有非音符字符都会被忽略。
5 0 0 4/ 3/ | 4. 3/ 4 +1 | 3 0 0/ +1/ | +1/ +1/ 7. 4/ 4 7 |
;所以可以用各种符号来分隔小节。比如这里用的[|]竖线。
7 0 0 6/ 7/ | +1. 7/ +1 +3 | 7 0 0 3/ 3/ | 6. 5/ 6 +1 |	
;或者是用来注释。
5 0 0 3 | 4 +1/ 7/ 0 +1 | +2 +3/ +1/ 0 0 | +1/ 7/ 6 7 5 |
6 0 0 +1/ +2/ | +3. +2/ +3 +5 | +2 0 0 5/ 5/ | +1. 7/ +1 +3 |
+3--- | 6/ 7/ +1 7/ +1/ +2 | +1. 5/ 5 0 | +4 +3 +2 +1 |
+3--- | 0 0 0 +3 | +6 0 +5 0 | +3 +2/ +1/ 0 0 |

+2 +1/ +2/ 0 7 | 6 0 0 6/ 7/ | +1. 7/ +1 +3 | 7 0 0 3 |
6. 5/ 6 +1 | 5 0 0 4/ 3/ | 4. 3/ 4 1 |+ 3 0 0/ +1/ +1/ +1/ |
7. 4/ 4 7 | 7 0 0 6/ 7/ | +1. 7/ +1 +3 | 7 0 0 3/ 3/ |
6. 5/ 6 +1 | 5 0 0 3 | 4 +1/ 7/ 0 +1 | +2 +3/ +1/ 0 0 |
+1/ 7/ 6 7 5 | 1 3 6---

rollback=9999	;指定一个足够大的值来直接回滚到开头
;左手低音声部
0 0 0 0 | -6 1 3 1 | -3 -5 -7 0 | -4 -6 1 -6 |
-1 -5 1 0 | -2 -4 -6 -4 | -6 -3 -6 0 | -7 -4 -7 -4 |
-3 -7 -3 0 | -6 -3 -6 -3 | -3 -7 -3 0 | -4 -1 -4 -1 |
-1 -5 1 0 | -2 -6 2 -6 | -6 -3 -6 -3 | -4 1 -3 -7 |
-6 -3 -6 0 | -1 -5 1 -5 | -5 -2 -7 0 | -6 -3 -6 -3 |
-3 -7 -3 0 | -4 -1 -4 -1 | -3 -1 -5 -1 | -2 -6 -2 -6 |
-3 -7 -3 -7 | -3- -3- | -6 -3 -5 -2 | -4 -1 -4 -1 |

-5 -2 -5 -2 | -6 -3 -6 0 | -6 1 3 1 | -3 -5 -7 0 |
-4 -6 1 -6 | -1 -5 1 0 | -2 -4 -6 -4 | -6 -3 -6 0 |
-7 -4 -7 -4 | -3 -7 -3 0 | -6 -3 -6 -3 | -3 -7 -3 0 |
-4 -1 -4 -1 | -1 -5 1 0 | -2 -6 2 -6 | -6 -3 -6 -3 |
-4 1 -3 -7 | -6
