by Nico
bpm=150
0 +3 +1 6 +3- +2-
0 +2 7 5 +2- +1-
0 6 7 +1 +5- +4- +4- +3- +2- +1-

0 +3 +1 6 +3- +2-
0 +2 7 5 +2- +1-
0 6 7 +1 +5 +4 6 7 7--- +1---

0 +3 +1 6 +3- +2-
0 +2 7 5 +2- +1-
0 6 7 +1 +5- +4- +4- +3- +2- +3-

0 +3 +1 6 +3- +2-
0 +2 7 5 +2- +1-
0 6 7 +1 +5 +4 6 7 7--- +1---


rollback=999
-4 -6 1 4 -5 -7 2-
-3 -5 -7 3 -6 1 3-
-4 -5 1 4 -5 -7 2-
-1 -3 -5 -3 1 -3 -5 -3

-4 -6 1 4 -5 -7 2-
-3 -5 -7 3 -6 1 3-
-4 -5 1 4 -5 -7 2 5
-1 -3 -5 -3 1---

-4 -6 1 4 -5 -7 2-
-3 -5 -7 3 -6 1 3-
-4 -5 1 4 -5 -7 2-
-1 -3 -5 -3 1 -3 -5 -3

-4 -6 1 4 -5 -7 2-
-3 -5 -7 3 -6 1 3-
-4 -5 1 4 -5 -7 2 5
-1 -3 -5 -3 1---
